
Reaction test v3
type	A+B+C
number	1000

max value	65536
unit	us

test	A	B	C
0	14	21	25
1	21	13	17
2	21	17	12
3	15	19	25
4	17	21	12
5	14	23	18
6	16	21	12
7	13	21	17
8	19	25	15
9	16	25	20
10	17	13	23
11	19	23	14
12	25	21	16
13	19	14	23
14	13	17	22
15	14	18	23
16	21	16	25
17	73	14	18
18	16	21	12
19	23	17	12
20	14	25	21
21	25	21	17
22	18	23	14
23	13	21	17
24	23	14	18
25	23	14	18
26	14	23	18
27	23	19	14
28	23	19	15
29	17	21	12
30	17	13	21
31	15	23	19
32	23	12	19
33	12	23	18
34	22	13	17
35	17	21	13
36	16	25	21
37	25	16	21
38	19	23	14
39	16	21	12
40	17	21	12
41	14	23	18
42	21	12	17
43	38	45	49
44	18	25	14
45	23	13	19
46	14	23	19
47	14	18	23
48	21	17	12
49	16	25	20
50	17	21	12
51	59	41	29
52	19	23	14
53	23	19	14
54	21	25	16
55	13	17	23
56	21	16	12
57	14	25	21
58	14	21	25
59	21	17	13
60	21	25	16
61	17	21	12
62	13	21	17
63	24	30	52
64	14	18	23
65	17	13	23
66	25	14	20
67	19	15	23
68	14	18	23
69	23	14	18
70	21	17	12
71	19	23	15
72	25	15	21
73	21	13	17
74	21	12	16
75	12	17	21
76	18	23	14
77	21	25	16
78	25	21	16
79	12	16	21
80	17	21	13
81	17	21	13
82	23	14	19
83	15	25	21
84	13	17	22
85	21	16	12
86	13	17	21
87	15	23	19
88	23	19	14
89	21	17	12
90	14	23	18
91	18	14	25
92	13	23	19
93	15	23	19
94	12	21	17
95	19	23	15
96	14	23	19
97	18	23	14
98	16	20	25
99	23	15	19
100	25	17	21
101	12	21	16
102	23	19	15
103	15	25	21
104	23	14	19
105	23	19	15
106	14	25	21
107	23	14	19
108	14	23	18
109	14	25	20
110	32	26	22
111	23	19	14
112	19	23	15
113	14	23	19
114	12	23	18
115	19	14	23
116	23	14	19
117	25	21	16
118	23	14	19
119	19	14	23
120	14	23	19
121	14	18	25
122	25	15	21
123	23	18	14
124	20	16	24
125	16	20	24
126	17	22	13
127	23	12	18
128	17	12	21
129	12	17	21
130	17	21	25
131	23	14	18
132	14	23	18
133	12	21	16
134	19	23	14
135	21	13	17
136	64	71	75
137	15	25	21
138	17	21	12
139	14	18	23
140	21	12	17
141	16	21	12
142	42	51	47
143	20	25	16
144	19	13	23
145	16	25	21
146	10	17	21
147	17	21	12
148	16	12	21
149	25	14	20
150	12	23	18
151	21	16	12
152	13	21	17
153	21	17	12
154	23	13	19
155	23	18	14
156	21	25	16
157	14	23	19
158	25	21	16
159	14	21	25
160	14	23	19
161	14	24	20
162	16	21	12
163	21	12	16
164	16	20	25
165	13	21	17
166	17	12	23
167	14	23	19
168	14	23	18
169	24	20	16
170	23	13	19
171	12	18	23
172	13	21	17
173	25	15	21
174	15	19	25
175	12	21	16
176	12	16	21
177	18	23	14
178	21	12	17
179	17	12	23
180	15	25	21
181	12	21	17
182	23	18	14
183	15	19	23
184	23	14	19
185	14	19	23
186	23	19	14
187	13	23	19
188	14	19	25
189	21	12	17
190	21	17	12
191	14	25	21
192	15	23	19
193	23	12	19
194	23	13	19
195	15	23	19
196	17	13	23
197	19	15	44
198	25	18	14
199	17	21	12
200	14	19	23
201	12	16	23
202	14	23	18
203	19	23	15
204	14	18	24
205	18	23	14
206	21	25	16
207	23	18	14
208	19	25	15
209	21	25	16
210	25	19	14
211	19	23	14
212	23	14	18
213	21	12	16
214	12	16	21
215	13	22	17
216	12	16	21
217	23	19	14
218	18	23	14
219	13	22	17
220	20	25	16
221	19	14	23
222	23	19	14
223	53	49	44
224	18	23	14
225	21	12	16
226	23	19	15
227	23	14	19
228	19	13	23
229	19	23	14
230	21	12	17
231	23	19	15
232	25	18	14
233	15	19	23
234	14	23	19
235	17	12	21
236	14	18	24
237	14	18	23
238	23	19	15
239	12	21	16
240	18	14	24
241	14	23	18
242	23	14	19
243	14	18	23
244	17	21	13
245	15	19	23
246	25	21	17
247	21	17	13
248	25	21	16
249	25	16	21
250	25	14	21
251	11	17	21
252	12	18	23
253	14	23	19
254	16	25	21
255	24	20	16
256	16	25	20
257	23	14	19
258	17	13	23
259	23	19	15
260	25	20	16
261	19	14	23
262	15	23	19
263	14	25	21
264	19	23	15
265	23	18	14
266	17	13	21
267	14	21	25
268	20	25	16
269	13	17	21
270	12	21	17
271	16	12	21
272	21	13	17
273	25	20	16
274	19	15	25
275	21	25	16
276	18	14	23
277	25	14	21
278	18	14	23
279	25	17	21
280	21	13	17
281	12	18	23
282	18	23	14
283	16	21	12
284	20	16	25
285	25	14	21
286	21	12	16
287	14	20	25
288	14	18	23
289	42	49	53
290	25	20	16
291	70	83	97
292	25	15	21
293	14	23	19
294	25	14	20
295	17	21	12
296	12	16	21
297	12	21	16
298	24	16	20
299	17	21	12
300	14	19	23
301	17	21	13
302	21	10	17
303	20	25	16
304	14	25	20
305	18	23	14
306	14	23	18
307	19	23	15
308	21	16	12
309	21	16	12
310	16	21	12
311	12	23	18
312	14	23	18
313	17	21	12
314	14	23	18
315	19	15	23
316	14	19	23
317	23	12	18
318	17	21	12
319	21	17	13
320	23	18	14
321	33	7	29
322	19	23	15
323	19	14	25
324	12	21	17
325	19	14	25
326	21	13	17
327	13	17	22
328	56	60	52
329	19	23	15
330	23	19	15
331	21	14	25
332	24	14	20
333	16	21	12
334	18	14	23
335	19	23	14
336	21	12	16
337	21	12	16
338	25	16	21
339	21	13	17
340	21	12	17
341	24	16	20
342	14	23	19
343	25	16	21
344	21	13	17
345	17	13	21
346	23	14	18
347	21	17	12
348	18	23	14
349	21	17	12
350	16	25	20
351	19	13	23
352	21	11	17
353	19	14	25
354	15	19	25
355	53	42	49
356	18	23	14
357	23	18	14
358	23	15	19
359	12	17	21
360	21	17	12
361	17	22	13
362	17	12	21
363	12	21	16
364	14	23	18
365	19	15	23
366	12	16	23
367	21	13	17
368	13	17	23
369	21	16	12
370	14	23	19
371	22	17	13
372	21	12	16
373	14	19	23
374	21	17	12
375	14	23	18
376	12	17	21
377	25	15	21
378	18	23	14
379	19	23	14
380	17	22	13
381	17	10	21
382	17	21	12
383	23	18	14
384	13	17	21
385	19	23	14
386	16	12	21
387	15	23	19
388	17	22	13
389	23	13	19
390	24	16	20
391	14	25	21
392	12	17	21
393	12	21	17
394	14	24	20
395	17	21	13
396	18	23	14
397	76	65	72
398	17	13	21
399	12	16	21
400	21	25	16
401	13	22	17
402	16	23	12
403	18	23	14
404	23	12	19
405	19	23	14
406	18	23	14
407	23	14	19
408	20	14	24
409	21	17	12
410	19	23	14
411	23	18	14
412	13	23	19
413	21	17	12
414	23	19	14
415	23	19	14
416	13	17	22
417	14	18	25
418	14	21	25
419	21	16	12
420	12	23	18
421	12	21	16
422	14	20	25
423	14	23	19
424	12	17	21
425	23	18	14
426	14	23	19
427	23	15	19
428	17	13	23
429	12	21	17
430	19	14	23
431	13	17	23
432	14	19	23
433	14	19	23
434	13	23	19
435	13	19	23
436	12	16	21
437	12	21	16
438	20	25	16
439	25	20	16
440	16	21	12
441	25	14	20
442	17	22	13
443	14	23	19
444	13	17	21
445	25	20	16
446	22	13	17
447	17	21	13
448	13	17	23
449	17	21	12
450	25	16	21
451	23	14	19
452	21	17	12
453	14	18	23
454	15	19	23
455	21	17	13
456	82	63	73
457	21	16	12
458	19	23	14
459	14	18	25
460	23	15	19
461	17	13	22
462	21	25	16
463	22	17	13
464	23	13	19
465	25	14	21
466	16	21	12
467	21	25	16
468	23	14	19
469	19	14	25
470	12	21	17
471	22	1852	32
472	14	25	20
473	18	23	14
474	12	23	18
475	12	23	18
476	12	17	23
477	24	20	16
478	14	93	20
479	20	14	25
480	10	15	918
481	23	15	19
482	44	49	40
483	17	21	12
484	13	21	17
485	18	14	23
486	18	14	25
487	20	24	16
488	13	23	19
489	17	22	13
490	23	12	19
491	21	25	16
492	13	17	23
493	12	21	17
494	20	25	16
495	12	23	19
496	17	13	22
497	1031	8	23
498	16	25	21
499	23	19	15
500	14	18	25
501	16	21	12
502	261	311	7
503	17	12	21
504	19	12	23
505	17	21	12
506	19	23	15
507	15	23	19
508	12	23	18
509	17	13	21
510	17	13	23
511	14	21	25
512	23	18	14
513	12	17	21
514	23	19	15
515	23	19	14
516	21	12	17
517	18	14	25
518	4168	15	11
519	13	776	9
520	16	20	24
521	10	1100	17
522	15	10	2818
523	23	18	14
524	17	21	13
525	18	14	25
526	13	38	17
527	12	21	17
528	43	21	17
529	14	19	23
530	17	12	23
531	15	34	11
532	11	174	17
533	19	14	23
534	21	17	25
535	14	23	18
536	19	23	14
537	51	60	56
538	14	23	19
539	17	12	21
540	23	15	19
541	13	17	23
542	21	17	13
543	13	21	17
544	21	25	16
545	14	18	23
546	19	12	23
547	81	76	85
548	19	23	15
549	25	17	21
550	12	18	23
551	15	42	11
552	25	16	21
553	25	18	14
554	25	20	16
555	313	9	13
556	17	23	12
557	23	14	18
558	18	14	23
559	22	17	13
560	9	13	757
561	21	17	13
562	16	21	12
563	25	21	16
564	21	13	17
565	19	14	25
566	21	14	25
567	55	60	97
568	1140	13	9
569	17	21	13
570	23	18	14
571	14	25	20
572	17	12	21
573	14	23	19
574	21	13	17
575	14	20	24
576	17	13	21
577	24	14	20
578	23	19	15
579	19	23	14
580	12	18	23
581	23	19	14
582	17	12	21
583	19	23	14
584	13	21	17
585	25	14	21
586	18	23	14
587	25	16	20
588	19	23	14
589	23	19	14
590	23	18	14
591	17	13	23
592	12	17	21
593	21	17	13
594	21	12	17
595	13	21	17
596	21	12	17
597	18	23	14
598	24	20	16
599	18	23	14
600	49	39	31
601	16	12	23
602	13	23	19
603	25	14	21
604	18	23	14
605	23	19	14
606	21	17	12
607	16	21	12
608	17	23	13
609	13	23	19
610	18	12	23
611	21	12	17
612	14	19	25
613	19	15	25
614	23	19	15
615	19	25	15
616	23	18	14
617	23	18	14
618	15	25	21
619	16	12	23
620	23	18	14
621	16	21	25
622	23	19	14
623	19	14	25
624	17	12	23
625	53	47	42
626	14	18	23
627	32	40	36
628	36	5	42
629	21	16	25
630	19	14	23
631	12	16	21
632	17	11	21
633	34	30	38
634	21	12	17
635	25	15	21
636	14	19	23
637	17	21	13
638	14	18	24
639	23	19	15
640	23	18	14
641	12	21	16
642	15	25	21
643	23	19	14
644	12	16	21
645	17	13	23
646	14	25	21
647	13	17	23
648	17	13	22
649	23	14	18
650	23	15	19
651	14	19	23
652	13	17	23
653	19	15	23
654	13	21	17
655	14	23	19
656	17	21	12
657	18	23	14
658	23	19	14
659	25	14	21
660	15	19	25
661	21	12	16
662	21	17	13
663	17	21	13
664	16	24	20
665	14	23	19
666	23	13	19
667	17	12	23
668	25	20	16
669	21	12	16
670	14	23	19
671	13	21	17
672	23	12	18
673	16	21	12
674	19	15	23
675	21	17	13
676	17	12	23
677	15	21	25
678	19	23	15
679	17	12	21
680	14	19	23
681	21	13	17
682	23	12	18
683	19	12	23
684	13	17	21
685	17	21	13
686	21	25	16
687	14	18	23
688	16	23	12
689	19	23	14
690	12	16	21
691	18	25	14
692	23	19	15
693	23	18	14
694	16	12	23
695	12	16	23
696	21	12	16
697	16	21	12
698	42	51	46
699	19	12	23
700	14	19	23
701	21	17	12
702	22	13	17
703	14	18	24
704	21	25	16
705	18	23	14
706	14	19	23
707	24	20	16
708	17	21	13
709	14	19	23
710	18	23	14
711	21	15	25
712	12	16	21
713	17	25	21
714	21	16	12
715	23	18	14
716	13	17	23
717	23	14	18
718	18	14	23
719	17	21	12
720	21	16	12
721	23	18	14
722	21	17	13
723	14	18	25
724	20	16	25
725	25	14	20
726	21	13	17
727	25	14	21
728	14	24	20
729	22	13	17
730	14	18	23
731	25	20	16
732	18	14	23
733	23	19	14
734	17	21	13
735	17	13	22
736	23	14	19
737	19	25	14
738	24	16	20
739	21	12	17
740	19	14	23
741	12	16	23
742	14	23	19
743	14	25	20
744	12	18	23
745	19	12	23
746	16	21	12
747	14	18	25
748	23	18	14
749	17	12	21
750	14	19	23
751	19	12	23
752	46	50	55
753	25	16	21
754	17	21	12
755	18	23	14
756	23	14	18
757	16	21	12
758	16	25	21
759	19	23	15
760	13	21	17
761	25	19	14
762	19	15	23
763	9	13	186
764	15	11	593
765	25	19	15
766	17	21	12
767	23	15	19
768	12	16	21
769	21	12	17
770	23	14	18
771	20	16	25
772	23	12	18
773	18	14	25
774	14	23	19
775	13	21	17
776	20	25	16
777	47	24	28
778	12	17	21
779	23	14	18
780	77	68	73
781	25	20	16
782	18	14	25
783	23	19	15
784	21	17	12
785	12	21	17
786	14	23	19
787	14	23	18
788	21	12	16
789	12	21	17
790	12	23	18
791	19	23	15
792	14	23	18
793	19	15	25
794	25	21	16
795	13	17	23
796	14	18	25
797	17	12	23
798	25	16	20
799	17	21	12
800	12	17	23
801	40	44	8
802	13	23	19
803	25	21	16
804	25	14	21
805	21	17	12
806	17	12	23
807	16	23	12
808	19	23	14
809	17	21	12
810	14	18	23
811	12	23	19
812	19	14	23
813	23	17	12
814	21	16	12
815	12	21	17
816	17	12	21
817	20	16	25
818	13	21	17
819	23	18	14
820	14	20	25
821	23	14	19
822	23	19	14
823	25	17	21
824	17	21	12
825	17	21	12
826	23	15	19
827	16	20	25
828	17	23	12
829	12	17	23
830	25	14	21
831	18	14	23
832	19	23	14
833	19	15	23
834	12	23	18
835	14	23	19
836	25	20	16
837	14	20	25
838	23	19	15
839	23	13	19
840	23	19	14
841	14	18	24
842	20	25	16
843	21	13	17
844	23	19	14
845	17	13	23
846	16	20	25
847	21	16	12
848	21	12	17
849	12	21	16
850	21	12	17
851	12	23	18
852	15	1105	11
853	16	21	12
854	14	23	19
855	21	17	12
856	15	23	19
857	14	23	19
858	19	12	23
859	16	21	12
860	16	21	12
861	19	23	14
862	13	17	22
863	40	47	51
864	9	13	122
865	18	14	25
866	12	19	23
867	2894	14	10
868	18	23	14
869	21	17	12
870	20	16	25
871	12	16	23
872	12	21	17
873	14	23	19
874	12	23	18
875	17	22	13
876	21	17	13
877	19	23	14
878	17	12	21
879	25	21	16
880	12	21	16
881	16	12	23
882	21	16	12
883	12	21	17
884	12	16	23
885	25	15	21
886	15	19	23
887	23	14	19
888	19	23	14
889	13	17	23
890	14	25	20
891	17	22	13
892	14	18	23
893	21	25	16
894	23	16	12
895	23	19	14
896	16	21	25
897	23	14	18
898	20	16	25
899	20	24	16
900	25	15	21
901	19	23	15
902	21	13	17
903	15	25	21
904	21	13	17
905	12	21	17
906	12	23	19
907	13	17	21
908	19	23	14
909	16	20	25
910	17	23	13
911	12	17	23
912	21	12	17
913	14	23	19
914	18	25	14
915	23	13	19
916	14	23	18
917	17	21	12
918	40	36	32
919	21	16	12
920	23	14	19
921	12	23	18
922	14	19	25
923	23	14	19
924	20	14	24
925	12	16	21
926	25	14	20
927	15	23	19
928	13	21	17
929	21	16	12
930	23	18	14
931	15	19	23
932	14	18	25
933	12	21	16
934	23	14	18
935	21	12	17
936	18	23	14
937	14	19	23
938	19	14	23
939	23	12	19
940	17	13	23
941	19	14	25
942	13	23	19
943	21	25	16
944	21	12	16
945	13	23	19
946	21	17	13
947	20	14	25
948	16	20	25
949	21	17	13
950	14	23	18
951	25	21	17
952	13	23	19
953	23	12	19
954	23	18	14
955	23	14	18
956	24	14	20
957	23	14	18
958	23	14	18
959	21	25	17
960	17	13	23
961	16	21	12
962	18	23	14
963	17	23	12
964	20	24	16
965	15	19	23
966	14	18	23
967	14	23	19
968	12	23	18
969	14	19	25
970	18	23	14
971	14	18	23
972	13	19	23
973	15	23	19
974	19	23	14
975	16	12	23
976	16	25	21
977	19	13	23
978	17	12	23
979	17	13	21
980	19	14	25
981	12	18	23
982	13	17	21
983	15	23	19
984	19	25	15
985	19	23	14
986	16	21	25
987	15	19	23
988	16	23	12
989	19	15	25
990	23	19	14
991	17	12	21
992	14	25	21
993	23	15	19
994	14	19	25
995	16	12	21
996	15	23	19
997	16	23	12
998	14	20	25
999	14	19	23
