
Reaction test v3
type	A+B+C
number	1000

max value	65536
unit	us

test	A	B	C
0	18	14	25
1	16	25	21
2	25	16	20
3	23	19	14
4	23	19	15
5	15	19	23
6	12	23	18
7	19	14	23
8	12	21	16
9	15	19	25
10	15	23	19
11	12	16	23
12	15	19	23
13	17	21	12
14	25	20	16
15	15	19	23
16	19	15	23
17	18	14	24
18	21	25	17
19	21	11	17
20	12	16	23
21	21	25	16
22	19	23	15
23	23	19	14
24	18	25	14
25	12	16	23
26	23	19	14
27	12	17	21
28	21	16	25
29	15	19	23
30	21	14	25
31	21	12	17
32	23	18	14
33	17	12	21
34	25	14	20
35	19	15	23
36	21	25	16
37	23	13	19
38	19	14	23
39	24	20	16
40	19	23	15
41	19	23	14
42	17	12	23
43	14	20	25
44	24	16	20
45	12	21	17
46	12	21	16
47	21	12	16
48	19	23	15
49	24	20	16
50	14	19	25
51	19	25	15
52	21	13	17
53	25	17	21
54	23	19	15
55	12	17	23
56	18	23	14
57	21	12	17
58	21	16	25
59	12	21	17
60	25	14	21
61	18	23	14
62	19	23	15
63	19	23	14
64	19	14	25
65	23	17	13
66	21	16	12
67	14	23	19
68	22	13	17
69	21	12	16
70	18	23	14
71	23	14	19
72	12	21	16
73	21	16	25
74	13	23	19
75	19	23	14
76	22	13	17
77	17	21	12
78	21	17	12
79	25	15	21
80	21	17	12
81	13	17	21
82	18	23	14
83	14	25	20
84	16	21	12
85	14	20	25
86	16	25	20
87	67	90	63
88	21	17	13
89	13	17	23
90	14	19	23
91	19	14	25
92	21	17	12
93	25	21	17
94	14	18	25
95	46	36	10
96	16	20	25
97	21	16	12
98	18	14	23
99	18	25	14
100	13	23	19
101	11	21	17
102	23	19	14
103	12	17	21
104	15	23	19
105	12	17	21
106	17	25	21
107	14	23	19
108	25	21	16
109	12	23	18
110	14	19	25
111	17	22	13
112	14	19	25
113	23	19	14
114	27	37	46
115	15	23	19
116	25	16	21
117	12	21	17
118	17	12	23
119	12	17	21
120	19	23	15
121	23	19	15
122	14	19	25
123	12	17	21
124	17	12	21
125	19	23	15
126	23	19	14
127	18	23	14
128	21	16	25
129	12	21	16
130	21	25	16
131	19	15	23
132	21	17	13
133	16	20	25
134	15	19	23
135	20	25	16
136	14	18	23
137	14	19	25
138	19	23	14
139	12	17	21
140	21	12	17
141	14	25	20
142	17	13	23
143	12	17	21
144	23	15	19
145	20	25	16
146	13	17	21
147	12	16	23
148	19	15	25
149	19	23	15
150	16	21	12
151	13	22	17
152	23	15	19
153	23	12	19
154	12	16	23
155	25	19	14
156	17	21	12
157	19	25	14
158	16	21	25
159	23	15	19
160	20	25	16
161	16	21	12
162	19	14	25
163	23	14	18
164	14	23	19
165	11	41	36
166	23	18	14
167	18	25	14
168	12	17	21
169	32	23	28
170	23	14	19
171	21	16	25
172	18	23	14
173	14	23	18
174	21	25	16
175	23	15	19
176	17	12	21
177	12	23	18
178	17	13	21
179	21	12	17
180	21	17	13
181	23	18	14
182	14	25	20
183	17	13	23
184	14	19	23
185	13	17	21
186	23	19	15
187	13	23	19
188	51	13	66
189	19	15	23
190	23	19	15
191	23	18	14
192	13	22	17
193	23	18	14
194	12	68	64
195	12	21	16
196	12	21	17
197	19	23	15
198	21	12	17
199	25	14	20
200	15	19	23
201	23	19	14
202	14	23	19
203	75	79	71
204	25	16	20
205	21	17	12
206	19	14	25
207	19	23	14
208	18	14	23
209	21	15	25
210	23	14	18
211	23	18	14
212	17	13	23
213	21	25	16
214	23	19	14
215	23	14	18
216	21	17	13
217	14	23	19
218	17	13	22
219	12	17	21
220	23	19	15
221	14	18	23
222	21	12	17
223	13	17	23
224	23	14	18
225	18	23	14
226	21	12	17
227	21	12	17
228	13	23	19
229	21	17	12
230	18	23	14
231	12	23	18
232	23	18	14
233	19	23	14
234	19	15	25
235	12	23	19
236	25	14	21
237	18	14	25
238	25	14	20
239	17	12	21
240	23	18	14
241	13	21	17
242	18	12	23
243	15	19	23
244	17	21	12
245	19	23	15
246	21	12	16
247	14	25	20
248	17	12	21
249	22	13	17
250	12	17	23
251	18	23	14
252	14	18	23
253	23	13	19
254	17	21	12
255	16	21	25
256	13	19	23
257	25	16	21
258	19	14	23
259	23	19	14
260	21	12	16
261	23	12	18
262	16	21	25
263	23	18	14
264	14	23	18
265	21	16	12
266	25	14	21
267	17	21	13
268	16	21	12
269	14	18	23
270	25	16	20
271	20	14	25
272	23	19	14
273	19	14	25
274	13	23	19
275	17	21	12
276	15	19	25
277	23	12	18
278	17	21	12
279	18	23	14
280	14	19	25
281	12	17	21
282	17	13	22
283	14	23	19
284	13	22	17
285	22	17	13
286	16	21	12
287	21	13	17
288	19	13	23
289	23	17	12
290	19	23	14
291	21	12	17
292	23	19	15
293	17	22	13
294	23	19	15
295	25	14	20
296	13	17	23
297	16	21	12
298	18	14	23
299	19	14	25
300	23	12	18
301	16	21	12
302	12	23	19
303	21	16	12
304	21	13	17
305	13	17	21
306	21	17	13
307	71	66	75
308	12	17	21
309	12	16	21
310	15	19	25
311	12	21	16
312	23	12	18
313	14	20	25
314	17	13	23
315	19	23	15
316	19	14	23
317	20	24	16
318	19	15	23
319	15	23	19
320	17	13	21
321	21	25	17
322	20	16	24
323	25	20	16
324	21	13	17
325	12	21	17
326	19	12	23
327	19	23	14
328	19	12	23
329	14	23	19
330	16	21	12
331	21	12	16
332	19	23	15
333	18	14	23
334	25	16	21
335	18	23	14
336	17	22	13
337	12	16	23
338	17	22	13
339	20	16	25
340	19	15	23
341	13	21	17
342	17	21	13
343	23	18	14
344	18	14	23
345	17	21	12
346	12	16	21
347	59	63	82
348	16	21	25
349	17	21	13
350	12	17	21
351	16	20	26
352	23	15	19
353	18	23	14
354	23	13	19
355	19	23	14
356	14	18	25
357	21	13	17
358	19	15	25
359	23	14	19
360	14	18	23
361	14	18	23
362	14	25	21
363	14	23	18
364	16	12	21
365	12	21	17
366	14	18	23
367	17	21	13
368	53	12	48
369	15	19	23
370	21	12	17
371	17	12	23
372	23	14	18
373	21	12	16
374	16	20	25
375	23	19	15
376	21	12	17
377	14	23	19
378	14	19	23
379	17	21	12
380	18	23	14
381	18	23	14
382	23	13	19
383	17	12	23
384	14	23	19
385	17	12	23
386	21	13	17
387	23	19	15
388	13	23	19
389	18	14	23
390	13	19	23
391	19	15	25
392	17	13	23
393	23	12	19
394	23	19	15
395	14	19	23
396	12	17	23
397	20	14	24
398	23	14	18
399	23	12	18
400	17	23	12
401	12	17	23
402	23	18	14
403	21	16	12
404	19	23	14
405	16	25	20
406	16	21	25
407	23	18	14
408	17	21	13
409	23	18	14
410	21	12	17
411	13	17	23
412	14	19	23
413	21	12	16
414	21	13	17
415	20	25	16
416	15	23	19
417	23	15	19
418	25	14	21
419	12	21	16
420	20	25	16
421	25	15	21
422	16	12	21
423	18	23	14
424	23	12	18
425	21	17	12
426	21	13	17
427	73	45	51
428	21	25	16
429	14	18	25
430	23	15	19
431	25	16	20
432	14	23	19
433	48	29	39
434	17	21	25
435	23	18	14
436	14	24	20
437	18	23	14
438	23	12	18
439	13	19	23
440	12	21	16
441	25	20	16
442	17	12	21
443	21	25	16
444	17	12	23
445	15	25	21
446	21	16	12
447	14	19	23
448	19	15	23
449	13	17	23
450	21	17	12
451	16	12	21
452	20	25	16
453	18	12	23
454	19	14	25
455	15	25	21
456	15	19	23
457	12	23	18
458	21	17	12
459	15	25	21
460	23	19	14
461	16	21	12
462	23	15	19
463	23	12	18
464	17	12	23
465	18	25	14
466	17	12	21
467	21	16	12
468	25	21	16
469	21	17	12
470	14	18	23
471	23	14	18
472	12	23	19
473	21	16	25
474	23	15	19
475	21	25	16
476	19	14	25
477	12	21	17
478	23	14	19
479	19	25	14
480	14	18	23
481	15	19	25
482	17	12	21
483	17	12	21
484	12	21	16
485	14	24	20
486	17	23	12
487	23	19	14
488	19	14	23
489	14	18	25
490	17	21	13
491	17	12	21
492	19	14	23
493	21	17	12
494	18	23	14
495	14	44	54
496	23	19	15
497	25	14	21
498	17	12	21
499	14	23	19
500	25	20	16
501	23	14	18
502	17	22	13
503	19	13	23
504	16	20	25
505	23	14	18
506	14	19	23
507	12	23	18
508	25	16	20
509	12	23	18
510	17	12	23
511	25	14	20
512	14	18	23
513	13	17	22
514	23	18	14
515	18	12	23
516	12	16	23
517	17	12	23
518	14	23	19
519	23	12	18
520	18	23	14
521	21	25	17
522	80	70	24
523	25	15	21
524	25	14	21
525	17	12	23
526	21	17	13
527	17	25	9
528	14	19	23
529	12	16	21
530	14	19	23
531	12	21	16
532	23	19	15
533	20	25	16
534	14	23	19
535	23	19	14
536	14	19	23
537	12	23	19
538	14	19	25
539	23	15	19
540	12	16	21
541	23	14	18
542	22	13	17
543	21	17	13
544	14	23	19
545	23	18	14
546	20	16	25
547	14	19	23
548	23	17	13
549	16	25	20
550	21	13	17
551	21	12	16
552	25	20	16
553	20	25	16
554	21	17	13
555	12	17	21
556	16	24	20
557	15	19	25
558	23	15	19
559	14	23	19
560	23	19	14
561	16	12	23
562	22	17	13
563	13	21	17
564	14	19	23
565	21	17	12
566	19	15	23
567	23	19	14
568	23	18	14
569	21	17	12
570	23	12	18
571	12	21	17
572	17	12	21
573	16	20	25
574	13	23	19
575	24	18	14
576	23	13	19
577	16	12	21
578	14	25	20
579	12	21	17
580	12	17	23
581	19	23	14
582	21	12	17
583	24	14	20
584	23	19	15
585	23	19	14
586	23	12	19
587	16	20	25
588	14	23	19
589	25	15	21
590	17	13	23
591	12	23	18
592	25	14	20
593	13	17	21
594	25	14	21
595	23	12	18
596	13	21	17
597	19	23	14
598	20	25	16
599	17	21	12
600	25	19	15
601	14	19	23
602	17	13	21
603	12	21	16
604	21	16	12
605	14	19	23
606	16	20	25
607	21	12	17
608	18	12	23
609	18	14	23
610	13	21	17
611	20	16	24
612	10	14	144
613	19	14	25
614	23	17	13
615	24	14	20
616	15	25	21
617	15	19	23
618	19	25	14
619	20	16	24
620	21	17	12
621	23	18	14
622	23	18	14
623	15	19	23
624	21	16	25
625	19	23	14
626	25	20	16
627	17	12	21
628	21	12	16
629	18	14	24
630	14	20	25
631	17	13	21
632	23	13	19
633	13	23	19
634	14	18	23
635	25	20	16
636	17	12	21
637	17	13	21
638	25	20	16
639	25	21	16
640	21	17	13
641	17	12	21
642	17	21	13
643	19	14	23
644	21	12	17
645	14	19	23
646	14	18	23
647	21	13	17
648	14	19	23
649	17	12	21
650	21	17	12
651	12	17	21
652	21	17	13
653	19	14	23
654	21	12	17
655	17	23	12
656	12	23	19
657	23	14	19
658	14	23	19
659	21	17	13
660	19	15	23
661	18	23	14
662	12	17	21
663	19	14	25
664	58	94	76
665	25	14	21
666	14	25	20
667	25	20	16
668	12	18	23
669	17	21	13
670	21	16	12
671	12	21	17
672	46	36	28
673	18	14	25
674	17	13	21
675	16	25	21
676	14	25	20
677	19	14	25
678	21	17	12
679	21	25	16
680	21	16	12
681	25	20	16
682	15	19	25
683	17	12	23
684	21	17	13
685	15	21	25
686	20	25	16
687	18	23	14
688	12	17	21
689	23	18	14
690	12	16	23
691	20	25	16
692	14	19	23
693	15	25	21
694	21	25	16
695	16	12	21
696	23	18	14
697	13	21	17
698	16	21	12
699	25	17	21
700	21	16	25
701	16	21	12
702	37	46	27
703	21	12	16
704	18	14	23
705	19	14	23
706	21	25	17
707	13	21	17
708	19	15	23
709	20	25	16
710	15	19	23
711	21	12	17
712	23	15	19
713	17	13	23
714	25	14	20
715	21	16	12
716	25	18	14
717	13	23	19
718	13	23	19
719	44	55	50
720	21	12	17
721	20	24	16
722	12	16	23
723	23	19	14
724	20	16	25
725	21	12	16
726	12	23	18
727	23	19	15
728	12	17	23
729	13	17	23
730	14	23	19
731	22	13	17
732	14	20	24
733	23	15	19
734	17	21	12
735	21	12	17
736	23	19	14
737	23	19	15
738	14	23	19
739	25	16	21
740	25	14	20
741	23	12	18
742	21	17	13
743	15	19	23
744	19	23	14
745	23	12	19
746	23	19	15
747	21	16	25
748	19	15	25
749	19	23	15
750	21	17	13
751	23	15	19
752	17	23	13
753	15	19	23
754	23	18	14
755	14	21	25
756	17	12	21
757	23	14	19
758	18	14	23
759	17	21	12
760	23	12	19
761	21	16	12
762	21	13	17
763	14	23	18
764	20	25	16
765	14	19	23
766	17	22	13
767	23	14	19
768	21	17	12
769	15	23	19
770	16	23	12
771	17	12	23
772	14	23	19
773	17	21	13
774	19	15	25
775	16	20	24
776	16	25	21
777	20	24	16
778	19	25	15
779	25	15	21
780	14	19	25
781	25	20	16
782	21	17	12
783	23	19	15
784	14	19	25
785	18	23	14
786	25	14	20
787	23	19	14
788	21	12	16
789	23	12	19
790	17	13	21
791	25	14	21
792	19	14	23
793	16	21	12
794	14	25	20
795	12	21	16
796	25	16	20
797	21	17	12
798	21	17	25
799	21	16	12
800	21	25	16
801	21	14	25
802	19	23	14
803	14	23	18
804	14	23	18
805	16	21	12
806	23	12	18
807	12	19	23
808	12	16	21
809	18	23	14
810	20	25	16
811	24	20	16
812	12	23	19
813	13	17	21
814	15	23	19
815	12	21	17
816	21	17	12
817	14	23	18
818	16	25	20
819	19	15	23
820	21	12	17
821	23	18	14
822	12	16	23
823	15	23	19
824	12	19	23
825	19	23	14
826	21	16	25
827	25	18	14
828	16	25	21
829	23	18	14
830	14	23	18
831	23	15	19
832	24	20	16
833	23	18	14
834	25	21	16
835	19	15	23
836	16	21	12
837	16	21	25
838	18	14	25
839	23	18	14
840	21	12	16
841	12	16	21
842	14	18	23
843	19	23	15
844	12	16	23
845	23	18	14
846	23	18	14
847	19	23	15
848	23	19	14
849	14	18	25
850	21	25	16
851	23	14	18
852	21	12	16
853	17	21	13
854	25	15	21
855	13	17	23
856	18	23	14
857	19	14	25
858	12	17	21
859	21	12	17
860	18	14	23
861	21	13	17
862	25	14	20
863	17	21	12
864	23	14	18
865	25	20	16
866	12	23	19
867	25	21	16
868	23	12	19
869	23	19	15
870	14	19	23
871	21	25	16
872	17	12	21
873	21	13	17
874	13	17	22
875	25	16	21
876	18	14	24
877	19	14	25
878	37	33	42
879	23	18	14
880	16	12	21
881	15	23	19
882	21	16	12
883	21	17	12
884	21	12	16
885	17	13	21
886	16	25	21
887	13	17	22
888	16	21	12
889	16	21	12
890	25	14	20
891	13	23	19
892	17	21	13
893	13	23	19
894	16	12	23
895	14	23	18
896	23	13	19
897	23	14	18
898	14	25	20
899	17	21	12
900	17	21	12
901	17	21	13
902	16	21	12
903	21	16	25
904	19	23	15
905	12	23	19
906	19	23	15
907	19	14	23
908	12	17	21
909	14	23	19
910	11	22	17
911	13	23	19
912	14	18	24
913	18	14	24
914	12	23	18
915	16	20	25
916	17	25	21
917	14	24	20
918	17	13	21
919	12	21	16
920	14	18	25
921	20	16	24
922	25	19	15
923	25	16	21
924	12	17	23
925	23	12	19
926	25	16	20
927	25	21	17
928	13	19	23
929	21	17	12
930	14	25	20
931	19	25	14
932	21	13	17
933	23	14	19
934	23	14	19
935	17	21	13
936	24	16	20
937	21	13	17
938	19	13	23
939	18	23	14
940	14	19	25
941	14	18	24
942	14	18	23
943	13	21	17
944	21	25	16
945	25	19	14
946	17	13	23
947	23	19	14
948	14	23	19
949	14	19	23
950	17	12	23
951	12	23	18
952	18	14	24
953	20	14	25
954	23	18	14
955	23	14	18
956	13	21	17
957	18	23	14
958	17	11	21
959	17	21	13
960	12	17	23
961	20	16	24
962	19	25	14
963	12	23	19
964	16	12	21
965	25	14	20
966	23	15	19
967	16	21	25
968	23	13	19
969	14	23	18
970	23	14	19
971	25	21	16
972	16	20	24
973	21	12	17
974	21	12	17
975	17	13	21
976	23	14	19
977	23	13	19
978	14	18	23
979	23	17	12
980	18	14	23
981	13	21	17
982	25	20	16
983	12	17	21
984	21	16	12
985	25	20	16
986	12	23	18
987	12	23	18
988	18	14	24
989	21	14	25
990	17	13	23
991	21	13	17
992	14	23	18
993	23	19	14
994	23	19	15
995	25	19	15
996	15	23	19
997	14	23	19
998	18	12	23
999	21	14	25
