
Reaction test v3
type	A+B+C
number	1000

max value	65536
unit	us

test	A	B	C
0	3078	2023	968
1	1778	723	2833
2	1326	273	2379
3	1375	322	2430
4	2865	1810	756
5	2949	1894	839
6	1209	154	2264
7	1495	440	2550
8	1458	401	2511
9	403	2513	1458
10	2477	1422	367
11	1562	507	2617
12	404	2518	1461
13	1529	474	2585
14	2499	1444	389
15	2892	1837	782
16	1403	348	2458
17	280	2390	1335
18	1966	864	2974
19	1951	896	3008
20	2342	1287	232
21	2606	1551	496
22	99	2209	1154
23	2497	1442	387
24	50	2160	1105
25	2602	1546	491
26	254	2366	1309
27	2919	1864	809
28	1314	259	2371
29	1180	125	2237
30	55	2167	1110
31	2812	1757	704
32	264	2378	1321
33	2197	1142	87
34	652	2766	1709
35	2115	1060	5
36	2100	1043	3153
37	1677	618	2730
38	1135	80	2190
39	2152	1097	42
40	3142	2087	1032
41	957	3067	2014
42	387	2471	1416
43	2674	1617	562
44	2360	1305	290
45	2007	950	3062
46	2745	1690	635
47	2900	1843	792
48	1097	42	2152
49	1251	198	2306
50	2738	1684	628
51	2914	1857	802
52	1463	408	2518
53	2469	1412	357
54	1654	599	2713
55	917	3027	1972
56	1660	603	2715
57	170	2302	1227
58	2994	1937	882
59	453	2565	1510
60	2450	1397	340
61	405	2516	1495
62	1853	798	2908
63	1602	547	2657
64	594	2707	1649
65	3088	2033	978
66	813	2923	1907
67	2186	1131	76
68	370	2484	1427
69	563	2675	1620
70	421	2533	1478
71	2271	1178	123
72	1958	905	3013
73	1114	59	2171
74	886	2996	1943
75	2203	1108	53
76	1038	3148	2108
77	1116	61	2175
78	318	2430	1375
79	2007	952	3062
80	1013	3125	2070
81	1211	154	2266
82	1906	849	2961
83	1429	372	2484
84	2863	1808	753
85	753	2863	1808
86	535	2647	1594
87	2769	1714	659
88	2871	1816	796
89	2215	1160	105
90	1343	288	2400
91	1814	800	2867
92	457	2605	1514
93	2666	1611	556
94	308	2417	1362
95	28	2136	1081
96	2743	1687	632
97	807	2919	1866
98	1406	353	2461
99	2576	1519	464
100	798	2910	1855
101	2552	1499	442
102	1686	630	2741
103	730	2840	1785
104	2005	948	3058
105	230	2338	1283
106	174	2286	1231
107	1127	72	2184
108	1500	485	2553
109	1806	749	2861
110	1631	574	2686
111	2089	1034	3144
112	1515	462	2570
113	2733	1678	623
114	37	2147	1094
115	2284	1229	174
116	21	2131	1076
117	920	3034	1977
118	1293	238	2350
119	140	2252	1197
120	743	2853	1798
121	2686	1631	576
122	1257	198	2310
123	693	2805	1754
124	1911	856	2966
125	524	2638	1579
126	2150	1097	39
127	1831	776	2888
128	2052	997	3108
129	2750	1695	640
130	1937	882	2992
131	2312	1257	202
132	605	2715	1660
133	3094	2040	982
134	721	2831	1776
135	1106	50	2161
136	2745	1692	633
137	2208	1155	96
138	2899	1844	789
139	2450	1395	340
140	890	3000	1945
141	1172	119	2227
142	187	2299	1244
143	2947	1892	837
144	844	2956	1901
145	2848	1795	740
146	2497	1442	387
147	1188	133	2243
148	2953	1898	843
149	693	2803	1750
150	794	2908	1849
151	2069	1016	3124
152	2396	1341	286
153	2863	1808	753
154	1002	3114	2061
155	2460	1405	350
156	897	3011	1954
157	2968	1914	856
158	869	2983	1926
159	76	2190	1133
160	1415	360	2472
161	2580	1525	470
162	3064	2007	952
163	1401	346	2456
164	3141	2086	1031
165	3118	2076	1008
166	2362	1307	252
167	2935	1878	823
168	2404	1350	295
169	478	2590	1535
170	585	2695	1642
171	1145	88	2200
172	129	2241	1184
173	2649	1594	541
174	1435	380	2490
175	2779	1722	667
176	2738	1683	628
177	3148	2093	1038
178	2884	1829	778
179	2031	976	3088
180	48	2162	1103
181	1735	680	2792
182	1838	783	2893
183	1169	112	2224
184	2184	1127	72
185	2578	1525	468
186	2522	1467	410
187	1812	755	2867
188	569	2681	1626
189	623	2733	1678
190	1718	663	2773
191	2653	1598	543
192	654	2764	1711
193	2212	1157	102
194	1622	567	2677
195	1133	76	2188
196	1375	322	2430
197	1085	28	2141
198	439	2548	1493
199	2183	1128	73
200	1603	550	2702
201	2398	1343	288
202	963	3071	2016
203	1743	686	2798
204	1301	248	2358
205	636	2748	1693
206	1550	495	2608
207	1799	744	2855
208	2948	1891	836
209	394	2506	1451
210	2962	1907	852
211	2991	1934	879
212	2698	1642	588
213	1894	835	2947
214	266	2376	1323
215	1328	273	2385
216	376	2488	1433
217	235	2347	1290
218	640	2752	1697
219	904	3016	1961
220	2782	1727	672
221	191	2301	1247
222	3111	2056	1001
223	1413	358	2470
224	3056	1999	944
225	2538	1483	428
226	775	2885	1830
227	943	3143	1998
228	2961	1906	851
229	1914	859	2969
230	2289	1234	181
231	2167	1110	55
232	619	2729	1674
233	2966	1911	854
234	1756	699	2811
235	554	2668	1611
236	929	3041	1986
237	3161	2104	1049
238	1909	854	2968
239	1542	485	2595
240	427	2541	1484
241	978	3088	2035
242	3112	2057	1002
243	151	2261	1210
244	1800	745	2857
245	1090	33	2145
246	1493	438	2548
247	114	2224	1169
248	997	3105	2050
249	2475	1420	363
250	1335	278	2390
251	1328	273	2384
252	281	2391	1336
253	2456	1401	346
254	297	2409	1354
255	367	2480	1422
256	1277	222	2334
257	2271	1216	161
258	2561	1504	449
259	1197	142	2252
260	2467	1410	359
261	2501	1446	391
262	3153	2098	1043
263	1197	140	2252
264	2105	1050	3162
265	358	2472	1415
266	1562	505	2621
267	3158	2101	1046
268	2724	1669	614
269	2756	1701	644
270	157	2267	1212
271	2196	1141	86
272	2110	1053	3210
273	3021	1964	907
274	498	2610	1555
275	2160	1105	48
276	436	2548	1493
277	1251	194	2304
278	1252	197	2308
279	1439	382	2494
280	888	3000	1945
281	1503	446	2558
282	1730	675	2785
283	2102	1045	3157
284	1448	393	2504
285	3144	2087	1030
286	603	2715	1660
287	747	2859	1804
288	1350	295	2409
289	633	2741	1688
290	188	2298	1243
291	522	2636	1579
292	1243	190	2298
293	2938	1877	822
294	854	2966	1911
295	2293	1238	183
296	1351	296	2407
297	1148	93	2204
298	2351	1298	241
299	2604	1549	494
300	1621	566	2680
301	490	2600	1545
302	2332	1277	222
303	584	2694	1639
304	2782	1727	674
305	1499	444	2554
306	1322	267	2377
307	1636	579	2693
308	2370	1313	258
309	2793	1738	685
310	2651	1598	541
311	2199	1144	89
312	2184	1127	72
313	1599	544	2656
314	3170	2151	1058
315	2595	1540	485
316	431	2541	1486
317	2989	1934	879
318	3164	2108	1053
319	1108	52	2163
320	1032	3144	2089
321	2453	1396	345
322	2447	1394	335
323	1283	228	2338
324	541	2655	1598
325	1977	922	3032
326	149	2259	1204
327	3084	2029	974
328	1535	480	2591
329	2469	1414	359
330	2580	1525	470
331	2040	985	3097
332	2817	1760	705
333	1988	933	3045
334	3137	2080	1025
335	2394	1339	282
336	1190	135	2246
337	1941	888	2996
338	234	2345	1290
339	2441	1388	331
340	674	2786	1731
341	684	2796	1742
342	601	2713	1660
343	1848	791	2903
344	2590	1533	478
345	127	2241	1184
346	1928	871	2983
347	2708	1653	598
348	569	2681	1626
349	2791	1736	681
350	1835	781	2891
351	1146	89	2203
352	1182	127	2237
353	1198	141	2253
354	2723	1668	613
355	3135	2080	1025
356	450	2561	1506
357	2495	1440	385
358	886	2998	1941
359	1388	333	2443
360	2933	1878	821
361	519	2629	1574
362	2199	1144	89
363	2600	1545	488
364	1598	541	2653
365	1304	249	2359
366	3028	1975	918
367	1649	592	2704
368	1337	280	2392
369	1029	3141	2084
370	1310	253	2365
371	3137	2080	1025
372	412	2522	1469
373	1892	837	2949
374	2631	1576	521
375	2599	1544	489
376	524	2632	1579
377	691	2801	1746
378	837	2949	1894
379	2236	1181	126
380	89	2199	1144
381	3105	2050	995
382	2206	1151	95
383	564	2674	1619
384	2099	1042	3154
385	56	2168	1113
386	2403	1348	293
387	811	2921	1868
388	591	2703	1646
389	706	2818	1763
390	668	2780	1723
391	25	2137	1082
392	127	2237	1182
393	185	2295	1240
394	944	3054	1999
395	251	2363	1308
396	1994	939	3052
397	355	2465	1410
398	2805	1750	695
399	1191	138	2246
400	395	2507	1452
401	2605	1550	495
402	549	2659	1602
403	1156	97	2209
404	1176	119	2231
405	72	2184	1129
406	33	2143	1090
407	684	2756	1699
408	1497	442	2552
409	1257	200	2312
410	1253	198	2308
411	2390	1335	278
412	331	2441	1386
413	1538	484	2593
414	242	2352	1297
415	631	2741	1686
416	2813	1760	703
417	998	3110	2055
418	835	2945	1892
419	1530	473	2585
420	1096	39	2153
421	1564	509	2621
422	2147	1092	37
423	1084	29	2139
424	2987	1932	877
425	2987	1932	875
426	1294	239	2349
427	1955	900	3010
428	3148	2093	1038
429	2531	1476	421
430	2958	1903	848
431	2953	1898	843
432	269	2360	1305
433	13	2123	1071
434	1782	727	2837
435	723	2831	1780
436	1027	3137	2082
437	1806	751	2861
438	1589	534	2646
439	1553	498	2608
440	2953	1898	843
441	3120	2063	1006
442	2160	1107	48
443	247	2357	1306
444	2960	1905	849
445	1308	251	2363
446	2383	1324	269
447	416	2526	1471
448	1863	808	2920
449	2063	1006	3120
450	761	2871	1816
451	3058	2005	946
452	1032	3144	2089
453	1042	3152	2099
454	2670	1615	560
455	2937	1880	825
456	337	2447	1392
457	226	2336	1281
458	286	2396	1341
459	605	2709	1654
460	2799	1744	687
461	2190	1135	80
462	786	2898	1841
463	1313	258	2368
464	783	2893	1840
465	2953	1898	843
466	633	2746	1688
467	2493	1437	382
468	1636	581	2691
469	2980	1925	870
470	2711	1656	599
471	2358	1300	245
472	1053	3163	2108
473	1131	76	2188
474	2014	959	3071
475	1303	248	2360
476	2546	1491	436
477	1002	3114	2061
478	795	2905	1850
479	2756	1699	644
480	2652	1595	540
481	1843	788	2900
482	2478	1423	368
483	2048	993	3104
484	676	2788	1735
485	1726	671	2783
486	1063	8	2120
487	737	2847	1792
488	503	2615	1560
489	297	2409	1354
490	1184	129	2241
491	2097	1043	3153
492	2488	1433	378
493	839	2947	1892
494	2741	1686	629
495	2046	993	3101
496	601	2713	1660
497	1550	495	2606
498	591	2703	1648
499	798	2908	1853
500	2535	1480	425
501	2415	1360	305
502	2186	1129	74
503	2800	1743	688
504	736	2850	1793
505	871	2983	1928
506	586	2698	1643
507	2039	984	3096
508	1354	299	2411
509	1947	890	3002
510	1042	3154	2099
511	2767	1712	657
512	1847	792	2904
513	989	3101	2046
514	536	2646	1591
515	2238	1182	127
516	2931	1874	860
517	381	2491	1438
518	1836	781	2891
519	132	2242	1187
520	232	2344	1289
521	905	3015	1962
522	2757	1702	647
523	930	3040	1985
524	2106	1049	3161
525	1144	88	2199
526	1664	609	2719
527	2072	1017	3127
528	2655	1600	543
529	938	3047	1992
530	1757	702	2814
531	1184	129	2239
532	552	2662	1607
533	344	2460	1401
534	2550	1493	438
535	1322	267	2379
536	2559	1504	449
537	1995	937	3048
538	2545	1490	435
539	798	2910	1855
540	1347	292	2402
541	2612	1559	500
542	1956	900	3011
543	8	2120	1065
544	3148	2093	1038
545	337	2449	1394
546	2441	1386	331
547	667	2777	1722
548	949	3061	2006
549	2568	1513	457
550	2238	1181	126
551	1643	586	2698
552	2833	1778	723
553	2255	1199	144
554	22	2132	1077
555	2878	1823	768
556	147	2259	1204
557	2479	1424	369
558	2143	1088	33
559	2682	1627	573
560	869	2979	1926
561	3054	1997	942
562	2726	1673	616
563	352	2464	1409
564	2890	1835	778
565	3141	2086	1031
566	1958	905	3015
567	2447	1392	337
568	1847	794	2904
569	1536	479	2589
570	2443	1386	331
571	2700	1643	588
572	2865	1810	755
573	1926	871	2981
574	2200	1145	90
575	1401	344	2458
576	1050	3160	2106
577	2314	1257	202
578	1990	933	3045
579	1639	584	2694
580	2563	1508	453
581	1962	905	3019
582	1802	747	2859
583	605	2715	1658
584	1555	500	2610
585	1688	541	2651
586	1602	545	2657
587	322	2432	1379
588	2687	1630	575
589	2559	1506	447
590	2405	1350	295
591	2205	1150	95
592	39	2150	1095
593	4952	729	2839
594	1244	189	2300
595	592	2704	1649
596	1236	181	2291
597	1193	140	2248
598	2891	1836	779
599	1097	42	2154
600	3148	2093	1036
601	3055	2000	945
602	545	2657	1602
603	44	2154	1099
604	1556	501	2613
605	2454	1399	344
606	2194	1139	85
607	2118	1063	8
608	929	3041	1986
609	2681	1628	571
610	830	2940	1886
611	1979	922	3034
612	276	2388	1333
613	1861	806	2918
614	1435	380	2490
615	156	2266	1211
616	2143	1087	32
617	1944	889	2999
618	2477	1422	369
619	2568	1513	458
620	1012	3122	2067
621	2494	1441	386
622	1418	363	2475
623	2180	1127	68
624	2248	1193	138
625	1536	485	2593
626	643	2753	1698
627	83	2193	1140
628	740	2850	1795
629	3163	2106	1051
630	650	2762	1707
631	1737	682	2792
632	243	2353	1298
633	2205	1150	95
634	2243	1186	131
635	779	2891	1836
636	2147	1092	35
637	549	2663	1606
638	3135	2080	1025
639	23	2137	1078
640	1926	871	2983
641	2653	1600	541
642	759	2869	1814
643	2099	1031	3141
644	1668	611	2723
645	3054	1999	942
646	2342	1287	234
647	80	2190	1135
648	699	2811	1756
649	500	2610	1555
650	311	2333	1278
651	1050	3161	2106
652	2263	1210	153
653	841	2955	1898
654	2136	1081	26
655	417	2527	1472
656	1249	194	2306
657	1925	868	2980
658	474	2584	1531
659	323	2435	1384
660	1360	301	2413
661	390	2502	1447
662	2796	1739	684
663	2658	1603	548
664	608	2722	1665
665	2827	1771	716
666	2436	1381	326
667	2239	1184	129
668	26	2136	1081
669	2244	1189	136
670	1638	583	2693
671	1444	385	2497
672	947	3058	2002
673	2657	1604	547
674	1008	3116	2061
675	603	2715	1660
676	331	2443	1388
677	984	3094	2039
678	104	2214	1159
679	395	2505	1450
680	687	2797	1742
681	793	2903	1848
682	1495	440	2552
683	1041	3151	2096
684	886	2996	1941
685	2338	1279	224
686	680	2790	1737
687	138	2250	1193
688	1812	757	2869
689	3105	2046	991
690	897	3007	1952
691	1077	22	2134
692	3000	1945	892
693	2743	1690	633
694	803	2915	1860
695	1812	753	2865
696	2901	1844	789
697	3092	2035	980
698	2018	961	3073
699	200	2308	1253
700	461	2573	1516
701	2910	1855	798
702	487	2597	1542
703	1240	185	2295
704	1644	589	2699
705	2584	1529	474
706	2255	1198	145
707	588	2698	1645
708	1944	889	3001
709	1265	210	2320
710	3027	1970	915
711	980	3090	2037
712	2059	1004	3116
713	1345	290	2401
714	1339	284	2396
715	2760	1707	650
716	1726	671	2781
717	1454	395	2509
718	3163	2108	1053
719	2850	1797	740
720	224	2334	1279
721	2395	1340	285
722	902	3012	1960
723	1602	549	2659
724	2842	1787	734
725	818	2928	1873
726	2743	1687	632
727	685	2795	1742
728	1208	153	2265
729	2809	1754	699
730	1140	85	2197
731	1418	362	2473
732	153	2263	1208
733	1055	3165	2110
734	2664	1609	554
735	1893	838	2949
736	2961	1906	851
737	3002	1945	890
738	1594	539	2649
739	1073	16	2128
740	2788	1733	678
741	2689	1634	579
742	644	2754	1701
743	2711	1658	601
744	1041	3116	2061
745	503	2615	1560
746	2951	1896	841
747	1437	378	2490
748	1313	260	2370
749	140	2250	1195
750	2248	1189	134
751	3056	1999	944
752	192	2302	1247
753	1300	247	2355
754	2139	1082	26
755	186	2296	1240
756	1416	361	2471
757	1651	596	2706
758	1036	3145	2090
759	2005	950	3062
760	236	2346	1293
761	597	2707	1652
762	902	3010	1955
763	2653	1598	543
764	318	2430	1375
765	899	3013	1956
766	1084	26	2138
767	2128	1073	17
768	27	2139	1082
769	1193	138	2250
770	2409	1354	299
771	2865	1808	753
772	969	3081	2024
773	1144	87	2199
774	2968	1913	858
775	16	2129	1073
776	1136	81	2193
777	903	3013	1958
778	2793	1736	681
779	2325	1270	213
780	33	2143	1090
781	2908	1851	796
782	1931	878	2986
783	2798	1743	688
784	1634	579	2689
785	1296	241	2353
786	742	2855	1799
787	2153	1096	41
788	1941	884	2996
789	849	2960	1904
790	641	2751	1696
791	2044	989	3101
792	1647	590	2702
793	1952	895	3009
794	1797	740	2852
795	968	3080	2025
796	2857	1802	745
797	2338	1283	228
798	2112	1057	3169
799	2642	1587	532
800	123	2233	1178
801	1544	489	2603
802	350	2458	1403
803	1800	743	2855
804	899	3007	1952
805	1330	277	2385
806	1285	228	2341
807	571	2683	1628
808	207	2317	1262
809	1447	412	2503
810	48	2158	1103
811	766	2878	1823
812	1195	140	2252
813	1559	504	2616
814	1654	599	2711
815	2067	1012	3122
816	3169	2112	1057
817	2456	1399	348
818	1938	881	2993
819	1491	436	2546
820	89	2203	1148
821	1142	87	2197
822	683	2793	1738
823	1006	3116	2061
824	1960	902	3013
825	301	2413	1358
826	2052	997	3107
827	3003	1948	893
828	3008	1955	898
829	851	2961	1906
830	1332	277	2388
831	746	2857	1802
832	233	2343	1290
833	2700	1645	588
834	1743	689	2799
835	1244	189	2299
836	2007	952	3067
837	2861	1806	753
838	2237	1180	123
839	1990	937	3047
840	977	3088	2033
841	633	2743	1688
842	2413	1354	297
843	1988	931	3043
844	1605	550	2660
845	489	2603	1544
846	1017	3127	2070
847	2488	1433	378
848	130	2242	1187
849	794	2904	1849
850	2269	1218	159
851	1321	269	2377
852	2196	1141	86
853	399	2514	1493
854	1902	845	2957
855	1628	571	2681
856	389	2501	1446
857	522	2631	1576
858	251	2359	1302
859	1553	496	2610
860	4035	4013	3995
861	118	76	96
862	2135	25	1084
863	121	1180	2231
864	1376	2431	319
865	2565	453	1510
866	1748	2803	693
867	2839	729	1784
868	1373	2428	318
869	383	1440	2495
870	278	1333	2422
871	2499	389	1444
872	843	1898	2955
873	2463	340	1416
874	1294	2349	237
875	2800	671	1739
876	2885	766	1823
877	764	1819	2878
878	2353	238	1297
879	1713	2738	637
880	2065	3120	1010
881	599	1654	2707
882	2284	172	1229
883	1498	2550	440
884	1294	2351	241
885	63	1122	2175
886	1634	2674	560
887	2356	244	1301
888	1815	2874	760
889	3171	1059	2114
890	3069	963	2014
891	1547	2602	492
892	2809	693	1748
893	213	1268	2325
894	980	2035	3092
895	1729	2784	674
896	920	1977	3032
897	232	1290	2345
898	714	1771	2826
899	2923	815	1868
900	1538	2597	483
901	2884	774	1829
902	3110	1000	2057
903	1084	2139	31
904	1692	2747	637
905	1095	2150	40
906	2030	3085	975
907	2105	3162	1053
908	2260	153	1205
909	1082	2137	29
910	1038	2091	3146
911	1705	2760	650
912	2169	61	1114
913	2033	3088	978
914	440	1493	2548
915	2113	5	1056
916	1311	2364	256
917	2005	3077	955
918	1924	2975	862
919	448	1504	2558
920	3013	901	1958
921	391	1450	2516
922	1184	2239	130
923	596	1653	2711
924	1448	2501	395
925	1053	2108	3163
926	3000	887	1943
927	348	1395	2450
928	14	1069	2128
929	693	1754	2807
930	895	1945	3000
931	2751	641	1696
932	644	1697	2752
933	1618	2670	558
934	2242	138	1187
935	800	1855	2910
936	1538	2593	483
937	224	1281	2336
938	629	1688	2739
939	2292	182	1238
940	1249	2304	198
941	2494	384	1439
942	1471	2526	416
943	2201	91	1146
944	1780	2833	723
945	1900	2955	845
946	2960	854	1905
947	181	1236	2291
948	633	1695	2745
949	1407	2464	350
950	1202	2259	153
951	2603	491	1552
952	1069	2126	14
953	1553	2608	498
954	2062	3117	1007
955	2069	3126	1014
956	2427	315	1372
957	179	1234	2291
958	421	1478	2533
959	112	1167	2226
960	335	1390	2447
961	1792	2847	737
962	3137	1029	2082
963	1209	2264	154
964	72	1127	2182
965	481	1538	2593
966	2998	886	1941
967	1236	2291	185
968	2130	20	1075
969	2147	84	1096
970	2018	3075	963
971	1783	2838	726
972	2561	451	1506
973	1227	2282	174
974	873	1928	3017
975	562	1619	2674
976	1333	2385	276
977	3089	979	2034
978	2310	200	1255
979	1621	2676	566
980	1093	2150	38
981	2120	8	1065
982	2689	579	1634
983	3133	1023	2078
984	1141	2196	86
985	3032	918	1975
986	1784	2839	731
987	2402	292	1349
988	1878	2933	824
989	1498	2546	436
990	2893	783	1838
991	2074	3129	1019
992	2497	387	1442
993	1490	2550	436
994	2927	819	1872
995	1014	2072	3126
996	28	1081	2138
997	1527	2582	472
998	2771	659	1716
999	1910	2965	855
