
Reaction test v3
type	A+B+C
number	1000

max value	65536
unit	us

test	A	B	C
0	14252	7	5774
1	17962	6	5301
2	16499	33234	3646
3	11087	9	6902
4	6	19410	23593
5	9469	26338	1120
6	11961	28821	5
7	11824	28607	9
8	16481	6	3872
9	9460	26280	5
10	5	16872	21049
11	28492	11613	20052
12	6556	23436	7
13	21007	5	8263
14	1464	14089	22534
15	2858	19796	23956
16	14638	27260	1973
17	31136	10109	18557
18	10675	27514	7
19	5	15216	19440
20	22316	5427	9639
21	23320	6478	10694
22	2121	18966	23188
23	14805	7	2153
24	13372	4	752
25	5	14652	18873
26	13888	1186	5459
27	23133	10426	14650
28	5	17909	22132
29	17552	722	4930
30	9614	26533	7
31	13248	7	617
32	674	17513	21697
33	16789	3	4128
34	14773	7	2095
35	16706	5	4083
36	3864	20746	24986
37	15116	5	6720
38	8945	7	364
39	2881	23953	32396
40	1242	22395	26579
41	15643	7	7206
42	5	18170	22433
43	23273	10608	14881
44	27422	18798	14574
45	10987	2504	3
46	5796	3	26818
47	23927	15413	11176
48	29557	21115	16891
49	25177	16737	12513
50	10370	1892	6
51	15163	6728	2504
52	4638	7	25740
53	27086	18692	14423
54	3391	28680	24458
55	598	9158	4908
56	1240	26540	22317
57	4765	5	25789
58	5910	5	27007
59	24342	15925	11717
60	29535	21053	16828
61	10075	1591	5
62	150	5	25443
63	20286	16066	11881
64	467	7	25745
65	9255	5078	868
66	2304	27593	23369
67	5	19435	23657
68	24224	11562	15836
69	1576	22603	26823
70	3	22058	26282
71	7939	7	3764
72	6150	27211	5
73	27842	15178	19407
74	28695	15990	20211
75	9	20723	29164
76	11655	7	7430
77	3851	24901	5
78	20861	8186	16593
79	25432	16993	7
80	11789	3286	15967
81	19960	15764	24210
82	30324	17705	26144
83	6750	27810	2508
84	18240	5566	14010
85	40550	11000	36374
86	6	42526	17194
87	16505	12323	5
88	28641	11757	20204
89	16508	3886	20732
90	27725	10801	19243
91	5	21802	651
92	6146	6	10378
93	7	20004	3167
94	23972	15535	7
95	5710	5	14158
96	9	23884	2821
97	20506	12110	24686
98	35935	10601	40192
99	13677	5221	38996
100	12120	3674	16304
101	19939	11497	24157
102	219	25525	4469
103	7414	3185	11630
104	6274	2006	10519
105	3458	7	7648
106	9169	4925	13384
107	7	28127	2847
108	13171	8913	17363
109	28270	7	32490
110	5429	13873	9698
111	4	1354	30845
112	29412	5	25190
113	33538	7	25097
114	852	5	26141
115	8	1223	26546
116	16632	24948	20740
117	5	6992	2688
118	27360	5	2042
119	14674	10323	18763
120	9736	18182	22445
121	8065	16506	20771
122	9457	22076	17897
123	13996	26689	22441
124	15991	28657	24432
125	13433	26102	21882
126	25968	644	4915
127	6672	19335	15117
128	11934	24597	20375
129	27867	6775	2486
130	24483	5	3386
131	27185	6092	1910
132	3961	16704	12486
133	9	8861	4619
134	3933	16614	12396
135	20303	28708	24488
136	11649	20173	15875
137	18009	26449	22230
138	13143	17367	21585
139	2075	6299	10562
140	29214	4	3853
141	13492	21907	17689
142	24738	33178	5
143	28697	7639	3449
144	12997	25517	17080
145	15976	11756	24407
146	25667	7	441
147	5	7635	3460
148	23114	52657	5
149	17416	25824	21649
150	6562	10825	2338
151	6062	10301	1818
152	16166	24611	20388
153	21891	7	26078
154	8456	16860	12642
155	5	5674	1441
156	28012	2620	8
157	8506	16785	12518
158	24663	3519	4
159	6168	18750	14610
160	28897	7654	3455
161	28999	12162	7937
162	28480	11645	7556
163	7633	24476	16077
164	4300	21184	12745
165	7	12266	3784
166	20873	5	29316
167	9	11897	7760
168	7	12039	3537
169	13981	26642	18246
170	23304	5	19079
171	20669	7	24890
172	10289	22863	14466
173	28004	6983	2714
174	12164	24868	20605
175	8	8465	4202
176	5	7552	3377
177	24284	7	28549
178	6	6161	1984
179	8624	16969	12700
180	25774	494	5
181	4184	12673	8455
182	14503	22948	18727
183	25564	336	5
184	7702	16108	11931
185	6455	2173	10705
186	29246	3919	5
187	5	4747	511
188	27554	6	23333
189	12001	16170	7732
190	7	11155	2658
191	26632	1358	7
192	15092	6604	2512
193	7	8029	29096
194	12611	4216	8393
195	26426	1141	22247
196	10561	19029	6444
197	3805	12289	33356
198	2442	10834	5
199	930	9423	26235
200	5218	13644	906
201	20854	29295	16632
202	12047	20486	7827
203	29000	3715	24775
204	2796	11231	6
205	25687	451	21465
206	9135	17566	4934
207	6360	10599	7
208	7961	12181	5
209	13798	5346	9583
210	17959	22179	9517
211	35307	39520	9977
212	24466	28689	16019
213	6645	10918	6
214	8569	4300	9
215	5	1362	22415
216	6297	14728	2102
217	5828	10055	5
218	2487	6759	27766
219	3522	7750	28944
220	9730	5465	26565
221	8957	13226	8
222	13796	9529	3
223	6	3636	20510
224	9277	13538	5
225	8	3692	20570
226	26939	22674	5830
227	4360	8601	25436
228	22711	26890	10042
229	16850	21077	8452
230	6070	10311	27153
231	10233	14415	1893
232	27438	5	14773
233	2523	6758	23589
234	23895	28067	11223
235	6	3540	20345
236	23328	27548	10706
237	4291	8605	25434
238	8168	3988	25007
239	16622	12438	7
240	10269	6046	5
241	11696	7424	7
242	8567	4297	25359
243	8805	12991	5
244	7	1075	17955
245	14082	18306	1505
246	18406	22627	5786
247	24535	28715	11789
248	1525	5777	22635
249	38233	5	12863
250	2372	6595	23522
251	1119	5309	26374
252	11305	15538	2866
253	26216	5	17813
254	5496	9722	5
255	25787	5	17389
256	19803	28238	15650
257	19159	23390	10707
258	2836	7105	28239
259	19238	23533	10809
260	16328	20512	7987
261	21734	25959	9057
262	17331	21557	4737
263	16671	25117	8215
264	22925	5	14479
265	4310	12702	29531
266	7755	16168	5
267	3701	12305	29063
268	7691	16119	4
269	19789	28226	11324
270	3	4583	21476
271	23604	5	15302
272	15501	23949	6967
273	14312	22764	5823
274	5	6719	27834
275	14642	18873	6278
276	3714	12210	29107
277	6445	14893	5
278	5817	14290	7
279	7384	15851	7
280	4023	8254	25099
281	380	8743	25646
282	13449	17626	762
283	3793	12280	29173
284	15670	24120	7180
285	4063	12554	29406
286	18139	26550	9732
287	7597	11792	28653
288	21750	25974	9121
289	21898	5	13452
290	33308	3763	24859
291	6019	10331	4
292	3430	7618	28694
293	9972	14228	1520
294	5	2357	23477
295	14606	6198	10428
296	20701	24928	8066
297	23770	28003	11051
298	25163	29387	12491
299	20491	24718	7897
300	27523	6	14854
301	6376	10613	27455
302	1345	5537	26696
303	6	939	22023
304	20778	25003	12375
305	241	4516	25584
306	13885	18109	5480
307	2883	7122	28202
308	18666	22894	10188
309	1711	5976	27058
310	11215	15403	2727
311	5693	9937	9
312	29023	5	20592
313	10435	14614	1946
314	16857	25342	8414
315	6	4763	21603
316	21378	12995	17127
317	5432	9658	5
318	10178	14314	1693
319	21739	7	13295
320	13251	17385	4734
321	17084	21220	8645
322	29263	4029	20864
323	7	3034	24047
324	127	4308	25476
325	258	8676	25558
326	9460	34697	970
327	7	6837	23705
328	6777	15171	9
329	21633	4	13288
330	4042	12518	29318
331	5	8326	25162
332	18680	27038	10239
333	29117	3805	20738
334	8607	17047	4372
335	28273	2947	24098
336	5	7613	28676
337	1908	10256	5
338	5	5975	22768
339	7838	16273	6
340	5	81	21178
341	27208	4	18686
342	26115	5	17676
343	4	1521	22488
344	19481	27873	15293
345	12396	16616	8218
346	18008	26449	13788
347	1176	9662	9
348	26891	1611	22671
349	5	4495	25591
350	11857	20254	7676
351	5733	9945	7
352	33733	4229	21073
353	26244	17806	22062
354	16534	20806	3871
355	5	2504	19339
356	22288	26570	9631
357	28803	24583	11924
358	27240	23059	10357
359	18385	22652	5720
360	27101	22877	10212
361	6	25445	12825
362	28592	24421	5
363	26267	22088	9421
364	8042	3785	24877
365	26893	22756	10091
366	9053	4826	25926
367	25940	21722	9054
368	3311	11803	7610
369	6	26203	13461
370	138	5	21199
371	11920	7651	5
372	8371	4104	29383
373	1706	3	22719
374	18214	14035	5638
375	23942	19722	11319
376	5	26306	17871
377	14456	10224	1735
378	21812	17592	13370
379	6	27388	23168
380	13654	9477	5214
381	23197	18973	14793
382	7	29030	24807
383	13708	9535	5262
384	22089	17912	13642
385	513	5	25787
386	11310	7139	2851
387	9324	5106	13546
388	4542	303	5
389	13071	8856	4636
390	5739	1558	8
391	8848	4748	380
392	27092	18650	22870
393	20717	12275	16538
394	2406	27679	7
395	9710	1308	5445
396	25716	17270	21496
397	23563	15119	19341
398	5326	6	1067
399	3	21271	25493
400	3170	28493	5
401	2409	27688	6
402	6236	3	1999
403	2481	27767	7
404	11318	2880	7062
405	9302	819	5123
406	18677	5934	10244
407	11210	7	2685
408	14765	2108	6364
409	21655	9062	13214
410	8039	29098	9
411	16927	4326	8466
412	26825	14161	22603
413	29544	16966	25360
414	1549	22646	7
415	21199	8622	17054
416	11353	7	7113
417	13950	1200	9728
418	23951	11328	15516
419	9750	7	1268
420	7	19767	24030
421	23154	10490	14762
422	2821	28057	23834
423	1132	26419	22199
424	5	24547	20325
425	16757	8325	4062
426	7043	28100	5
427	23243	14849	10668
428	22629	9967	14192
429	24066	11409	15740
430	6621	5	27654
431	6357	5	27416
432	8633	7	25558
433	25453	17014	8596
434	26186	13568	9341
435	6	19704	15523
436	7293	24086	19868
437	1638	26959	18524
438	23952	19689	28125
439	8663	5	21283
440	9	18671	10274
441	20377	7707	9
442	33491	16613	12430
443	5315	22200	18021
444	20662	3827	5
445	3	18030	9591
446	27302	14705	6153
447	12081	5	25003
448	20	14514	10435
449	15953	5	28588
450	21728	25955	9207
451	3142	7349	24267
452	1036	5229	22061
453	2022	10430	9
454	16425	3689	7941
455	2764	8	11261
456	6891	2795	15324
457	22836	18657	1869
458	10741	6547	19189
459	5	24000	7098
460	22202	13791	7
461	2268	27545	14901
462	3	24984	8181
463	26301	13651	7
464	27285	14706	6
465	12884	176	17100
466	29553	16495	8
467	2057	1146	159
468	29716	8168	6
469	19936	32535	2953
470	9519	22137	24325
471	27343	18902	2170
472	18868	14687	5
473	24045	15608	7
474	25496	21233	255
475	1493	5	5689
476	11376	7152	15639
477	27281	23155	1908
478	21853	13431	7
479	14014	5440	22477
480	8	22413	5520
481	5581	5	22571
482	15861	11641	5
483	27139	22919	10299
484	5	25942	13289
485	17662	13429	775
486	11928	7809	24606
487	9865	5639	26687
488	28191	23963	7194
489	186	9	12823
490	7	1050	13710
491	11484	15717	28281
492	18257	13998	7
493	7916	12145	24715
494	15995	11778	28654
495	49899	24659	7781
496	812	5	13404
497	23899	19679	2958
498	375	6	8795
499	3	26711	5648
500	15752	11568	24165
501	23780	19557	5
502	24315	20134	5
503	13857	5328	22258
504	719	7	9216
505	6	28874	7851
506	16967	12783	25361
507	6	17336	4714
508	7329	28433	15730
509	13244	545	21645
510	14087	1398	22526
511	5	19801	7140
512	29269	16604	3888
513	2450	27735	6689
514	25071	12428	29317
515	26312	9477	7
516	10328	22976	6138
517	17669	6	13356
518	5	13573	1005
519	20193	6	16007
520	2382	10763	27719
521	5	13192	21634
522	4008	29261	8211
523	780	6	5030
524	3	25024	33392
525	3211	24259	7377
526	3554	33066	11958
527	7338	19997	3121
528	13966	26668	18188
529	15892	24289	20110
530	5	10573	6307
531	13722	26424	22165
532	7	11460	7195
533	20359	7	28764
534	11191	19678	15471
535	10293	22871	14507
536	24159	7	19941
537	21098	67	25322
538	31074	1581	6
539	5	3061	32552
540	29638	4356	4
541	10459	16085	6194
542	2478	27706	6737
543	15579	2874	7146
544	6	17486	25882
545	299	25442	4429
546	9267	5041	17661
547	23297	19155	5
548	3574	5	12028
549	7964	3753	16457
550	22131	13694	9
551	9844	1357	18279
552	7	23833	6963
553	11796	5	16014
554	8399	29488	12666
555	9666	4	13846
556	7	19103	2277
557	20586	7996	24806
558	6853	27932	11014
559	28798	11914	5
560	7790	24622	11946
561	4465	8	17047
562	1156	22273	9616
563	18587	5971	27026
564	18981	10581	9
565	14899	6436	27574
566	32583	19911	7279
567	3807	24819	12242
568	651	25979	13277
569	21756	13319	4835
570	22815	14372	5890
571	3382	24397	15962
572	15309	6827	6
573	26398	17961	9570
574	23051	14573	1958
575	335	25622	21404
576	23207	10551	6357
577	2544	27848	23624
578	29089	12222	8056
579	20916	3996	5
580	10537	27366	14669
581	18060	5363	5
582	26985	7	5969
583	14552	18779	27197
584	14858	10645	23257
585	24585	16182	20408
586	3914	5	12339
587	5	231	8600
588	15410	23809	28072
589	33343	5	1154
590	6753	10936	27765
591	21913	26122	9237
592	22171	6	9516
593	25156	33592	12457
594	2617	11020	17741
595	7	8074	16609
596	7	8888	20400
597	22080	3213	7351
598	28978	20567	7957
599	2945	24132	15631
600	3834	24956	16514
601	14267	1602	26865
602	14130	1432	26735
603	7	22740	10187
604	13707	17801	5
605	16307	28984	12102
606	20208	7583	16088
607	7	16574	29231
608	16651	29250	8216
609	13920	7	5523
610	16187	28809	7696
611	27147	10344	18747
612	45658	5	3465
613	23901	2842	15462
614	11997	24608	3494
615	29190	12324	20798
616	21454	8788	17230
617	30141	13299	21738
618	10860	27695	2416
619	16547	7	3857
620	8	24547	20284
621	19873	11427	7132
622	5	21720	17498
623	1717	27050	22817
624	14243	5757	1514
625	5	24499	20273
626	21736	13326	9076
627	5229	6	30641
628	21638	4898	5
629	1768	18595	10173
630	22726	5929	8
631	14539	7	22986
632	564	17529	9085
633	7	12870	4385
634	10696	27583	19073
635	17565	5043	30199
636	6006	8	14411
637	9	8757	21372
638	14311	26978	5844
639	13669	26358	5228
640	29049	7966	24764
641	28509	3113	24214
642	26081	5001	19202
643	23944	7081	11284
644	32134	11028	19485
645	6	10481	14570
646	18032	5	5392
647	6361	6	2141
648	6216	14665	27341
649	4493	12874	25520
650	9338	7	21941
651	16112	7645	3468
652	8483	18	25378
653	13757	1077	30673
654	13262	4819	648
655	29467	16812	8375
656	1570	5	5732
657	21032	16774	8375
658	9049	13082	436
659	7	8001	29068
660	4005	12435	6
661	7696	16328	3476
662	22040	6	17824
663	7176	32477	2938
664	16756	25163	12489
665	7	7996	29049
666	16393	29060	12136
667	11705	24407	7518
668	12743	25399	8568
669	10474	23148	6252
670	28061	6963	23839
671	6325	18975	2105
672	23025	1946	18803
673	6284	18947	14691
674	15254	44788	40575
675	19670	28082	23865
676	19622	15389	11219
677	9290	21931	17766
678	5977	1743	10206
679	25948	4907	605
680	28843	16146	3535
681	8406	4	19490
682	899	26867	14258
683	28933	12122	4
684	13229	25865	21790
685	9345	26142	17782
686	15159	27780	19379
687	17882	998	26280
688	5	12200	2125
689	2596	9669	1089
690	5345	20661	7
691	15862	5	7577
692	21533	416	29747
693	11202	40822	6954
694	29712	21269	178
695	26578	9691	1280
696	642	17574	9111
697	27559	10660	6495
698	26066	9203	4989
699	22112	5241	1019
700	5	14790	10566
701	19905	3029	5
702	24264	11522	7296
703	21990	26212	17849
704	2880	7073	23955
705	20356	24381	7496
706	7	2067	18947
707	18752	22957	6102
708	7130	11363	28209
709	8119	12302	29184
710	27535	2180	10649
711	6590	15070	23477
712	19470	2538	6760
713	9559	22219	7
714	1605	14300	22797
715	8	12302	20741
716	19530	2630	6877
717	22059	5238	9394
718	1323	18298	9752
719	6414	27487	14824
720	22695	5827	26899
721	10931	6738	15234
722	17166	247	21360
723	22325	5418	26520
724	266	17141	4497
725	18169	1325	22412
726	26141	17668	5
727	6483	27555	14864
728	7	30716	9638
729	32460	7	11397
730	22854	18632	14487
731	18312	5726	22605
732	21052	9938	5
733	11911	7708	13481
734	3448	14956	19155
735	22714	27011	6
736	9	30004	415
737	5	26323	998
738	14286	10078	18503
739	20781	16473	24868
740	21106	25292	7
741	3147	7373	20049
742	13081	17246	21528
743	7	3134	7492
744	3084	7332	11527
745	23203	18914	2055
746	4217	6	21164
747	24555	28766	7692
748	529	4699	17422
749	6189	10362	23074
750	5382	9703	22393
751	8857	12996	25762
752	22845	27033	6001
753	29074	7	12182
754	29346	5	12456
755	4097	8356	20997
756	20927	25115	4032
757	20050	24191	3029
758	29149	7	12327
759	14127	18377	26805
760	25640	4	4519
761	11227	19694	28108
762	5835	14260	22678
763	11906	20309	24527
764	27330	1985	6207
765	6	7140	15545
766	15411	23856	2742
767	5	5228	17908
768	14250	22528	7
769	22974	1921	6083
770	26353	5280	9507
771	1432	14230	22532
772	20571	29064	7884
773	320	8721	21469
774	5	670	13370
775	9383	17822	5
776	5179	13599	7
777	24041	3087	15609
778	12842	16997	83
779	25124	29308	12429
780	24119	28254	11373
781	1862	14477	7
782	23034	2093	18855
783	22346	8	18073
784	24049	9	19772
785	5	7193	28286
786	18743	27121	14448
787	5	9304	26139
788	8547	17049	4373
789	25934	4	21724
790	12355	24986	8110
791	11453	19871	3078
792	24754	3684	16381
793	4161	33748	8
794	28142	2818	19774
795	4	9789	18283
796	7850	20489	28984
797	17582	7	4842
798	16741	29400	4070
799	11523	3111	7296
800	22597	1548	5770
801	7016	15456	40684
802	22382	26597	18176
803	5692	14065	26741
804	3231	11655	24296
805	5	8191	20828
806	4329	12695	25363
807	5107	13570	26267
808	20551	24743	16293
809	19099	23424	2199
810	1722	5942	22860
811	2164	6396	23257
812	1625	10030	22753
813	7	9400	26295
814	5	10667	19115
815	20273	28719	3412
816	15072	23556	9
817	16433	20632	8
818	1467	26798	31020
819	5870	14301	26996
820	5	8937	21651
821	12835	19729	2900
822	12644	41	29663
823	23887	6992	5
824	25188	8190	4
825	9899	26809	18254
826	14833	27615	5
827	22555	5	1508
828	4443	12833	21304
829	5358	18122	22269
830	29050	3748	12156
831	6395	14851	23260
832	5545	13952	18178
833	22404	5	1266
834	23193	2118	10536
835	25950	4897	13291
836	10200	27033	4
837	23683	6846	11063
838	4998	21852	26073
839	7910	24792	29013
840	7	15124	23565
841	19626	7	2774
842	2010	14622	23063
843	5405	13848	22292
844	20131	5	3300
845	14895	27530	4
846	20567	5	3770
847	4782	9038	13205
848	13387	21833	26005
849	26094	8	5059
850	9556	9022	25633
851	9512	7	34836
852	15581	2934	11382
853	6471	15772	2379
854	27778	10955	19399
855	4520	4	330
856	5921	10207	14316
857	109	25446	5
858	17014	8662	12766
859	22348	13905	18166
860	22242	13706	18093
861	9255	933	4992
862	8458	7	4210
863	10273	1877	6037
864	27424	18982	23245
865	25410	16959	21149
866	647	4	4910
867	5	26338	1068
868	12666	8438	16843
869	12335	25073	20924
870	13995	22459	18172
871	17040	25480	21217
872	19527	53182	48977
873	10057	18555	14292
874	27184	1867	5
875	15657	24056	18889
876	30047	481	8952
877	16433	29031	4156
878	12814	4360	17086
879	19541	1603	10071
880	871	9189	21836
881	17915	7	5160
882	48745	6478	19165
883	5114	13515	17776
884	15269	23725	27931
885	27988	2626	6931
886	9	7920	12148
887	29066	3786	8016
888	30738	1244	1542
889	738	9156	5
890	8	2038	23177
891	15873	16609	8613
892	10440	469	7
893	35475	1747	6019
894	18592	5916	5
895	27097	14411	5963
896	9754	5	26629
897	3	20811	16630
898	6747	32032	13797
899	14563	9	6130
900	7	16340	24820
901	19447	2545	11005
902	404	17196	25636
903	4917	594	26045
904	23128	18906	10591
905	10481	27463	14706
906	14400	27078	1735
907	12978	25673	375
908	16564	25007	3886
909	16834	29584	4216
910	23060	2154	10530
911	24417	16023	20202
912	9175	16146	7
913	12753	29635	5
914	10747	27591	23371
915	10987	27913	23652
916	16983	145	5
917	29156	12265	8009
918	10723	27568	23389
919	17196	378	7
920	6078	14566	22869
921	33206	3590	16263
922	28875	5	11903
923	6879	23830	19540
924	18398	7	26771
925	8	9941	5762
926	546	17461	13232
927	19653	21967	21619
928	28942	12013	6642
929	7	9724	13926
930	5	12188	16462
931	31410	10347	14616
932	10270	23048	27182
933	15292	28039	19127
934	15657	19905	11465
935	21231	25510	17013
936	3715	3	23045
937	9	1744	26975
938	20835	18471	12813
939	31884	8090	19163
940	18703	18348	6746
941	6913	15336	19585
942	13769	30635	22163
943	23337	6430	9
944	12027	28910	16335
945	17136	5	12892
946	15383	27991	11095
947	28458	7483	53783
948	3442	11933	28826
949	1363	14025	6
950	6829	15271	6
951	15153	258	9068
952	23008	10435	6173
953	7	19333	15113
954	10740	6	27598
955	23548	5	297
956	24270	7696	16169
957	7598	7	20235
958	2928	40935	5
959	21846	26006	17577
960	7755	5	3540
961	7	23460	27637
962	3012	28240	5
963	7222	5	3023
964	372	21379	7
965	39394	7	35328
966	1374	22219	22838
967	4000	25038	8301
968	20445	12065	16236
969	20458	7799	12061
970	6	19326	27763
971	14287	1600	10062
972	12212	3683	7932
973	12211	3688	16438
974	19709	28147	23933
975	5	6379	2063
976	10069	1670	18491
977	34558	5033	14265
978	2796	5034	22584
979	32179	23813	15460
980	20652	12127	3675
981	26042	17609	722
982	16503	7	20683
983	2174	9193	6488
984	5343	9591	22230
985	10993	27952	8
986	31286	4632	8
987	12526	29401	16705
988	12818	25340	16926
989	7	8034	497
990	7	32712	7377
991	2966	15608	7191
992	19587	2715	32177
993	15476	28180	23916
994	20153	4	28597
995	24314	7	28535
996	29040	3796	5
997	8335	16783	12523
998	19666	28111	23889
999	6467	11331	6871
